{
 "cells": [
  {
   "cell_type": "code",
   "execution_count": null,
   "id": "organizational-collar",
   "metadata": {},
   "outputs": [],
   "source": [
    "import pandas as pd\n",
    "import numpy as np\n",
    "\n",
    "from pycaret.regression import *\n",
    "\n",
    "import matplotlib.pyplot as plt\n",
    "\n",
    "plt.rc('font', family='NanumBarunGothic')\n",
    "\n",
    "\n",
    "from sklearn.metrics import mean_squared_error\n",
    "from sklearn.model_selection import train_test_split"
   ]
  },
  {
   "cell_type": "code",
   "execution_count": null,
   "id": "perfect-mailman",
   "metadata": {},
   "outputs": [],
   "source": [
    "train = pd.read_csv('G:/내 드라이브/Github/BigContest_Flood-ZERO/고경수/train.csv')\n",
    "test = pd.read_csv('G:/내 드라이브/Github/BigContest_Flood-ZERO/고경수/test.csv')\n",
    "submission = pd.read_csv('G:/내 드라이브/Github/BigContest_Flood-ZERO/고경수/submission.csv')"
   ]
  },
  {
   "cell_type": "code",
   "execution_count": null,
   "id": "funky-helicopter",
   "metadata": {},
   "outputs": [],
   "source": [
    "유역평균강수 = ['유역평균강수1','유역평균강수2','유역평균강수3','유역평균강수4','유역평균강수5','유역평균강수6']\n",
    "강우A = ['강우A1','강우A2','강우A3','강우A4','강우A5','강우A6']\n",
    "강우B = ['강우B1','강우B2','강우B3','강우B4','강우B5','강우B6']\n",
    "강우C = ['강우C1','강우C2','강우C3','강우C4','강우C5','강우C6']\n",
    "강우D = ['강우D1','강우D2','강우D3','강우D4','강우D5','강우D6']\n",
    "수위E = ['수위E1','수위E2','수위E3','수위E4','수위E5','수위E6']\n",
    "수위D = ['수위D1','수위D2','수위D3','수위D4','수위D5','수위D6']"
   ]
  },
  {
   "cell_type": "code",
   "execution_count": null,
   "id": "portuguese-roman",
   "metadata": {},
   "outputs": [],
   "source": [
    "# x_train = train[['유역평균강수', '강우A', '강우B', '강우C','강우D', '수위E', '수위D']]\n",
    "# y_train = train['유입량']\n",
    "\n",
    "# x_test = test[['유역평균강수', '강우A', '강우B', '강우C','강우D', '수위E', '수위D']]\n",
    "\n",
    "# X = train[['시간','월','유역평균강수', '강우A', '강우B', '강우C','강우D', '수위E', '수위D']]\n",
    "\n",
    "X = train[['월','유입량',유역평균강수[4], 강우A[4], 강우B[4], 강우C[4], 강우D[4], 수위E[4], 수위D[4]]]\n",
    "\n",
    "y = train['유입량']"
   ]
  },
  {
   "cell_type": "code",
   "execution_count": null,
   "id": "composite-vienna",
   "metadata": {},
   "outputs": [],
   "source": [
    "X['월'] = X['월'].astype(str)\n"
   ]
  },
  {
   "cell_type": "code",
   "execution_count": null,
   "id": "global-bryan",
   "metadata": {},
   "outputs": [],
   "source": [
    "# test[['유역평균강수', '강우A', '강우B', '강우C','강우D', '수위E', '수위D','유입량']]"
   ]
  },
  {
   "cell_type": "code",
   "execution_count": null,
   "id": "breeding-arabic",
   "metadata": {},
   "outputs": [],
   "source": [
    "\n",
    "reg = setup(session_id=1,\n",
    "            data=X,\n",
    "            target='유입량',\n",
    "            numeric_imputation = 'mean',\n",
    "            normalize = True,\n",
    "            categorical_features=['월'],\n",
    "            silent=True,\n",
    "            train_size = 0.7890004,\n",
    "            data_split_shuffle = False)"
   ]
  },
  {
   "cell_type": "code",
   "execution_count": null,
   "id": "confused-effectiveness",
   "metadata": {},
   "outputs": [],
   "source": [
    "# rf = create_model('rf', fold=5)"
   ]
  },
  {
   "cell_type": "code",
   "execution_count": null,
   "id": "cooperative-climate",
   "metadata": {},
   "outputs": [],
   "source": [
    "compare_models(sort='RMSE')      #, n_select=5)"
   ]
  },
  {
   "cell_type": "code",
   "execution_count": 33,
   "id": "norman-connection",
   "metadata": {},
   "outputs": [],
   "source": [
    "# blended_d = blend_models(top5, optimize='RMSE')"
   ]
  },
  {
   "cell_type": "code",
   "execution_count": 34,
   "id": "declared-homework",
   "metadata": {},
   "outputs": [],
   "source": [
    "# pred_holdouts = predict_model(blended_d)\n",
    "# final_model_d = finalize_model(blended_d)\n",
    "# final_model_d"
   ]
  },
  {
   "cell_type": "code",
   "execution_count": 35,
   "id": "completed-headquarters",
   "metadata": {},
   "outputs": [],
   "source": [
    "# top5[0]"
   ]
  },
  {
   "cell_type": "code",
   "execution_count": 36,
   "id": "australian-symbol",
   "metadata": {},
   "outputs": [],
   "source": [
    "# plt.plot(train.groupby('시간').mean()['유입량'])"
   ]
  },
  {
   "cell_type": "code",
   "execution_count": 39,
   "id": "informed-copying",
   "metadata": {},
   "outputs": [
    {
     "data": {
      "text/plain": [
       "연\n",
       "2006.0    326\n",
       "2007.0    115\n",
       "2008.0     94\n",
       "2009.0    292\n",
       "2010.0    237\n",
       "2011.0    709\n",
       "2012.0    508\n",
       "2013.0    413\n",
       "2017.0    197\n",
       "Name: 유입량, dtype: int64"
      ]
     },
     "execution_count": 39,
     "metadata": {},
     "output_type": "execute_result"
    }
   ],
   "source": [
    "train.groupby('연').count()['유입량']"
   ]
  },
  {
   "cell_type": "code",
   "execution_count": 40,
   "id": "sound-chancellor",
   "metadata": {},
   "outputs": [
    {
     "data": {
      "text/plain": [
       "연\n",
       "2006.0    4017.213124\n",
       "2007.0    1787.957911\n",
       "2008.0    2626.792297\n",
       "2009.0    1942.528379\n",
       "2010.0    1680.988421\n",
       "2011.0    1661.749865\n",
       "2012.0     983.644090\n",
       "2013.0    1149.853317\n",
       "2017.0     861.811295\n",
       "Name: 유입량, dtype: float64"
      ]
     },
     "execution_count": 40,
     "metadata": {},
     "output_type": "execute_result"
    }
   ],
   "source": [
    "train.groupby('연').mean()['유입량']"
   ]
  },
  {
   "cell_type": "code",
   "execution_count": 41,
   "id": "standard-directive",
   "metadata": {
    "collapsed": true,
    "jupyter": {
     "outputs_hidden": true
    }
   },
   "outputs": [
    {
     "data": {
      "text/html": [
       "<div>\n",
       "<style scoped>\n",
       "    .dataframe tbody tr th:only-of-type {\n",
       "        vertical-align: middle;\n",
       "    }\n",
       "\n",
       "    .dataframe tbody tr th {\n",
       "        vertical-align: top;\n",
       "    }\n",
       "\n",
       "    .dataframe thead th {\n",
       "        text-align: right;\n",
       "    }\n",
       "</style>\n",
       "<table border=\"1\" class=\"dataframe\">\n",
       "  <thead>\n",
       "    <tr style=\"text-align: right;\">\n",
       "      <th></th>\n",
       "      <th>홍수사상번호</th>\n",
       "      <th>연</th>\n",
       "      <th>월</th>\n",
       "      <th>일</th>\n",
       "      <th>시간</th>\n",
       "      <th>유입량</th>\n",
       "      <th>유역평균강수</th>\n",
       "      <th>강우A</th>\n",
       "      <th>강우B</th>\n",
       "      <th>강우C</th>\n",
       "      <th>강우D</th>\n",
       "      <th>수위E</th>\n",
       "      <th>수위D</th>\n",
       "    </tr>\n",
       "  </thead>\n",
       "  <tbody>\n",
       "    <tr>\n",
       "      <th>홍수사상번호</th>\n",
       "      <td>1.000000</td>\n",
       "      <td>0.949192</td>\n",
       "      <td>-0.033990</td>\n",
       "      <td>-0.053224</td>\n",
       "      <td>-0.001309</td>\n",
       "      <td>-0.376751</td>\n",
       "      <td>-0.361003</td>\n",
       "      <td>-0.299777</td>\n",
       "      <td>-0.301142</td>\n",
       "      <td>-0.272762</td>\n",
       "      <td>-0.314441</td>\n",
       "      <td>-0.397827</td>\n",
       "      <td>-0.032815</td>\n",
       "    </tr>\n",
       "    <tr>\n",
       "      <th>연</th>\n",
       "      <td>0.949192</td>\n",
       "      <td>1.000000</td>\n",
       "      <td>-0.103384</td>\n",
       "      <td>-0.146855</td>\n",
       "      <td>0.001522</td>\n",
       "      <td>-0.349836</td>\n",
       "      <td>-0.305346</td>\n",
       "      <td>-0.233431</td>\n",
       "      <td>-0.243582</td>\n",
       "      <td>-0.201382</td>\n",
       "      <td>-0.287311</td>\n",
       "      <td>-0.366852</td>\n",
       "      <td>-0.114095</td>\n",
       "    </tr>\n",
       "    <tr>\n",
       "      <th>월</th>\n",
       "      <td>-0.033990</td>\n",
       "      <td>-0.103384</td>\n",
       "      <td>1.000000</td>\n",
       "      <td>-0.089601</td>\n",
       "      <td>-0.000097</td>\n",
       "      <td>-0.116182</td>\n",
       "      <td>-0.118025</td>\n",
       "      <td>-0.222865</td>\n",
       "      <td>-0.109374</td>\n",
       "      <td>-0.096348</td>\n",
       "      <td>-0.007122</td>\n",
       "      <td>-0.124068</td>\n",
       "      <td>0.380983</td>\n",
       "    </tr>\n",
       "    <tr>\n",
       "      <th>일</th>\n",
       "      <td>-0.053224</td>\n",
       "      <td>-0.146855</td>\n",
       "      <td>-0.089601</td>\n",
       "      <td>1.000000</td>\n",
       "      <td>-0.021963</td>\n",
       "      <td>0.052061</td>\n",
       "      <td>0.016251</td>\n",
       "      <td>0.008298</td>\n",
       "      <td>-0.012810</td>\n",
       "      <td>0.019922</td>\n",
       "      <td>0.016755</td>\n",
       "      <td>0.049864</td>\n",
       "      <td>0.293664</td>\n",
       "    </tr>\n",
       "    <tr>\n",
       "      <th>시간</th>\n",
       "      <td>-0.001309</td>\n",
       "      <td>0.001522</td>\n",
       "      <td>-0.000097</td>\n",
       "      <td>-0.021963</td>\n",
       "      <td>1.000000</td>\n",
       "      <td>0.016276</td>\n",
       "      <td>0.015380</td>\n",
       "      <td>0.017211</td>\n",
       "      <td>0.007172</td>\n",
       "      <td>0.011668</td>\n",
       "      <td>0.024615</td>\n",
       "      <td>0.022662</td>\n",
       "      <td>0.007299</td>\n",
       "    </tr>\n",
       "    <tr>\n",
       "      <th>유입량</th>\n",
       "      <td>-0.376751</td>\n",
       "      <td>-0.349836</td>\n",
       "      <td>-0.116182</td>\n",
       "      <td>0.052061</td>\n",
       "      <td>0.016276</td>\n",
       "      <td>1.000000</td>\n",
       "      <td>0.764816</td>\n",
       "      <td>0.614808</td>\n",
       "      <td>0.765433</td>\n",
       "      <td>0.644750</td>\n",
       "      <td>0.718587</td>\n",
       "      <td>0.903840</td>\n",
       "      <td>0.106762</td>\n",
       "    </tr>\n",
       "    <tr>\n",
       "      <th>유역평균강수</th>\n",
       "      <td>-0.361003</td>\n",
       "      <td>-0.305346</td>\n",
       "      <td>-0.118025</td>\n",
       "      <td>0.016251</td>\n",
       "      <td>0.015380</td>\n",
       "      <td>0.764816</td>\n",
       "      <td>1.000000</td>\n",
       "      <td>0.823255</td>\n",
       "      <td>0.950692</td>\n",
       "      <td>0.852678</td>\n",
       "      <td>0.837518</td>\n",
       "      <td>0.826923</td>\n",
       "      <td>0.048532</td>\n",
       "    </tr>\n",
       "    <tr>\n",
       "      <th>강우A</th>\n",
       "      <td>-0.299777</td>\n",
       "      <td>-0.233431</td>\n",
       "      <td>-0.222865</td>\n",
       "      <td>0.008298</td>\n",
       "      <td>0.017211</td>\n",
       "      <td>0.614808</td>\n",
       "      <td>0.823255</td>\n",
       "      <td>1.000000</td>\n",
       "      <td>0.800745</td>\n",
       "      <td>0.566784</td>\n",
       "      <td>0.609265</td>\n",
       "      <td>0.724896</td>\n",
       "      <td>-0.143982</td>\n",
       "    </tr>\n",
       "    <tr>\n",
       "      <th>강우B</th>\n",
       "      <td>-0.301142</td>\n",
       "      <td>-0.243582</td>\n",
       "      <td>-0.109374</td>\n",
       "      <td>-0.012810</td>\n",
       "      <td>0.007172</td>\n",
       "      <td>0.765433</td>\n",
       "      <td>0.950692</td>\n",
       "      <td>0.800745</td>\n",
       "      <td>1.000000</td>\n",
       "      <td>0.794468</td>\n",
       "      <td>0.805721</td>\n",
       "      <td>0.799097</td>\n",
       "      <td>-0.014137</td>\n",
       "    </tr>\n",
       "    <tr>\n",
       "      <th>강우C</th>\n",
       "      <td>-0.272762</td>\n",
       "      <td>-0.201382</td>\n",
       "      <td>-0.096348</td>\n",
       "      <td>0.019922</td>\n",
       "      <td>0.011668</td>\n",
       "      <td>0.644750</td>\n",
       "      <td>0.852678</td>\n",
       "      <td>0.566784</td>\n",
       "      <td>0.794468</td>\n",
       "      <td>1.000000</td>\n",
       "      <td>0.844094</td>\n",
       "      <td>0.689042</td>\n",
       "      <td>0.045019</td>\n",
       "    </tr>\n",
       "    <tr>\n",
       "      <th>강우D</th>\n",
       "      <td>-0.314441</td>\n",
       "      <td>-0.287311</td>\n",
       "      <td>-0.007122</td>\n",
       "      <td>0.016755</td>\n",
       "      <td>0.024615</td>\n",
       "      <td>0.718587</td>\n",
       "      <td>0.837518</td>\n",
       "      <td>0.609265</td>\n",
       "      <td>0.805721</td>\n",
       "      <td>0.844094</td>\n",
       "      <td>1.000000</td>\n",
       "      <td>0.771026</td>\n",
       "      <td>0.065962</td>\n",
       "    </tr>\n",
       "    <tr>\n",
       "      <th>수위E</th>\n",
       "      <td>-0.397827</td>\n",
       "      <td>-0.366852</td>\n",
       "      <td>-0.124068</td>\n",
       "      <td>0.049864</td>\n",
       "      <td>0.022662</td>\n",
       "      <td>0.903840</td>\n",
       "      <td>0.826923</td>\n",
       "      <td>0.724896</td>\n",
       "      <td>0.799097</td>\n",
       "      <td>0.689042</td>\n",
       "      <td>0.771026</td>\n",
       "      <td>1.000000</td>\n",
       "      <td>0.146047</td>\n",
       "    </tr>\n",
       "    <tr>\n",
       "      <th>수위D</th>\n",
       "      <td>-0.032815</td>\n",
       "      <td>-0.114095</td>\n",
       "      <td>0.380983</td>\n",
       "      <td>0.293664</td>\n",
       "      <td>0.007299</td>\n",
       "      <td>0.106762</td>\n",
       "      <td>0.048532</td>\n",
       "      <td>-0.143982</td>\n",
       "      <td>-0.014137</td>\n",
       "      <td>0.045019</td>\n",
       "      <td>0.065962</td>\n",
       "      <td>0.146047</td>\n",
       "      <td>1.000000</td>\n",
       "    </tr>\n",
       "  </tbody>\n",
       "</table>\n",
       "</div>"
      ],
      "text/plain": [
       "          홍수사상번호         연         월         일        시간       유입량    유역평균강수  \\\n",
       "홍수사상번호  1.000000  0.949192 -0.033990 -0.053224 -0.001309 -0.376751 -0.361003   \n",
       "연       0.949192  1.000000 -0.103384 -0.146855  0.001522 -0.349836 -0.305346   \n",
       "월      -0.033990 -0.103384  1.000000 -0.089601 -0.000097 -0.116182 -0.118025   \n",
       "일      -0.053224 -0.146855 -0.089601  1.000000 -0.021963  0.052061  0.016251   \n",
       "시간     -0.001309  0.001522 -0.000097 -0.021963  1.000000  0.016276  0.015380   \n",
       "유입량    -0.376751 -0.349836 -0.116182  0.052061  0.016276  1.000000  0.764816   \n",
       "유역평균강수 -0.361003 -0.305346 -0.118025  0.016251  0.015380  0.764816  1.000000   \n",
       "강우A    -0.299777 -0.233431 -0.222865  0.008298  0.017211  0.614808  0.823255   \n",
       "강우B    -0.301142 -0.243582 -0.109374 -0.012810  0.007172  0.765433  0.950692   \n",
       "강우C    -0.272762 -0.201382 -0.096348  0.019922  0.011668  0.644750  0.852678   \n",
       "강우D    -0.314441 -0.287311 -0.007122  0.016755  0.024615  0.718587  0.837518   \n",
       "수위E    -0.397827 -0.366852 -0.124068  0.049864  0.022662  0.903840  0.826923   \n",
       "수위D    -0.032815 -0.114095  0.380983  0.293664  0.007299  0.106762  0.048532   \n",
       "\n",
       "             강우A       강우B       강우C       강우D       수위E       수위D  \n",
       "홍수사상번호 -0.299777 -0.301142 -0.272762 -0.314441 -0.397827 -0.032815  \n",
       "연      -0.233431 -0.243582 -0.201382 -0.287311 -0.366852 -0.114095  \n",
       "월      -0.222865 -0.109374 -0.096348 -0.007122 -0.124068  0.380983  \n",
       "일       0.008298 -0.012810  0.019922  0.016755  0.049864  0.293664  \n",
       "시간      0.017211  0.007172  0.011668  0.024615  0.022662  0.007299  \n",
       "유입량     0.614808  0.765433  0.644750  0.718587  0.903840  0.106762  \n",
       "유역평균강수  0.823255  0.950692  0.852678  0.837518  0.826923  0.048532  \n",
       "강우A     1.000000  0.800745  0.566784  0.609265  0.724896 -0.143982  \n",
       "강우B     0.800745  1.000000  0.794468  0.805721  0.799097 -0.014137  \n",
       "강우C     0.566784  0.794468  1.000000  0.844094  0.689042  0.045019  \n",
       "강우D     0.609265  0.805721  0.844094  1.000000  0.771026  0.065962  \n",
       "수위E     0.724896  0.799097  0.689042  0.771026  1.000000  0.146047  \n",
       "수위D    -0.143982 -0.014137  0.045019  0.065962  0.146047  1.000000  "
      ]
     },
     "execution_count": 41,
     "metadata": {},
     "output_type": "execute_result"
    }
   ],
   "source": [
    "train.corr()"
   ]
  },
  {
   "cell_type": "code",
   "execution_count": null,
   "id": "prostate-aspect",
   "metadata": {},
   "outputs": [],
   "source": []
  }
 ],
 "metadata": {
  "kernelspec": {
   "display_name": "Python 3",
   "language": "python",
   "name": "python3"
  },
  "language_info": {
   "codemirror_mode": {
    "name": "ipython",
    "version": 3
   },
   "file_extension": ".py",
   "mimetype": "text/x-python",
   "name": "python",
   "nbconvert_exporter": "python",
   "pygments_lexer": "ipython3",
   "version": "3.8.8"
  }
 },
 "nbformat": 4,
 "nbformat_minor": 5
}
